per_capita_deer_kill_rates=c(0.005, 0.011, 0.029, 0.000, 0.036, 0.025, 0.020, 0.064, 0.065, 0.031, 0.018, 0.040, 0.000, 0.007, 0.005, 0.017, 0.030, 0.030, 0.019, 0.023, 0.083, 0.066, 0.018)

per_capita_moose_kill_rates=c(0.010, 0.000, 0.000, 0.000, 0.000, 0.004, 0.000, 0.000, 0.000, 0.005, 0.013, 0.002, 0.016, 0.024, 0.013, 0.003, 0.011, 0.001, 0.005, 0.000, 0.000, 0.000, 0.004)

per_pack_deer_kill_rates=c(0.024, 0.033, 0.057, 0.000, 0.071, 0.050, 0.079, 0.064, 0.130, 0.188, 0.091, 0.281, 0.000, 0.063, 0.040, 0.083, 0.091, 0.207, 0.113, 0.091, 0.333, 0.264, 0.071)

per_pack_moose_kill_rates=c(0.049, 0.000, 0.000, 0.000, 0.000, 0.008, 0.000, 0.000, 0.000, 0.031, 0.066, 0.017, 0.097, 0.219, 0.107, 0.017, 0.033, 0.008, 0.032, 0.000, 0.000, 0.000, 0.018)

pack_size = c(5, 3, 2, 6, 2, 2, 4, 2, 2, 7, 6, 6, 9, 5, 3, 6, 5, 7, 8, 4, 4, 4, 4)

coyote_ancestry = c(0.67, 0.92, 0.68, 0.95, 0.90, 0.94, 0.95, 0.62, 0.70, 0.06, 0.05, 0.14, 0.06, 0.02, 0.02, 0.12, 0.02, 0.15, 0.01, 0.31, 0.62, 0.45, 0.24)

packs = c('Axe', 'Golden City', 'Horseshoe', 'North Yearley', 'Ripple', 'Skeleton', 'Turtle', 'Wier', 'Wolf', 'Storm', 'Achray', 'Louis', 'McKaskill', 'Radiant', 'Rain', 'Sunday', 'Big Crow', 'Jocko', 'Potter', 'Lafleur', 'Stevenson', 'Buck Hill', 'Pine')

